Running solution for day 5
Solution for part 1: 486613012

[[79, 93], [55, 68]]
[79, 93] + [50, 98] : [79, 93] && [79, 79] + [93, 93] -> [52, 100]
before: [[79, 93], [55, 68]]
after: [[79, 93], [55, 68]]
[55, 68] + [50, 98] : [55, 68] && [55, 55] + [68, 68] -> [52, 100]
before: [[55, 68]]
after: [[55, 68]]

[[81, 95], [57, 70]]

[[81, 95], [57, 70]]
[57, 70] + [53, 61] : [57, 61] && [57, 57] + [61, 70] -> [49, 57]
before: [[57, 70]]
after: [[57, 70], [61, 70]]

[[81, 95], [53, 57], [61, 70]]
[81, 95] + [25, 95] : [81, 95] && [81, 81] + [95, 95] -> [18, 88]
before: [[81, 95], [53, 57], [61, 70]]
after: [[81, 95], [53, 57], [61, 70]]
[53, 57] + [25, 95] : [53, 57] && [53, 53] + [57, 57] -> [18, 88]
before: [[53, 57], [61, 70]]
after: [[53, 57], [61, 70]]
[61, 70] + [25, 95] : [61, 70] && [61, 61] + [70, 70] -> [18, 88]
before: [[61, 70]]
after: [[61, 70]]

[[74, 88], [46, 50], [54, 63]]
[74, 88] + [77, 100] : [77, 88] && [74, 77] + [88, 88] -> [45, 68]
before: [[74, 88], [46, 50], [54, 63]]
after: [[74, 88], [46, 50], [54, 63], [74, 77]]
[46, 50] + [45, 64] : [46, 50] && [46, 46] + [50, 50] -> [81, 100]
before: [[46, 50], [54, 63], [74, 77]]
after: [[46, 50], [54, 63], [74, 77]]
[54, 63] + [45, 64] : [54, 63] && [54, 54] + [63, 63] -> [81, 100]
before: [[54, 63], [74, 77]]
after: [[54, 63], [74, 77]]
[74, 77] + [64, 77] : [74, 77] && [74, 74] + [77, 77] -> [68, 81]
before: [[74, 77]]
after: [[74, 77]]

[[45, 56], [82, 86], [90, 99], [78, 81]]
[45, 56] + [0, 69] : [45, 56] && [45, 45] + [56, 56] -> [1, 70]
before: [[45, 56], [82, 86], [90, 99], [78, 81]]
after: [[45, 56], [82, 86], [90, 99], [78, 81]]

[[46, 57], [82, 86], [90, 99], [78, 81]]
[46, 57] + [56, 93] : [56, 57] && [46, 56] + [57, 57] -> [60, 97]
before: [[46, 57], [82, 86], [90, 99], [78, 81]]
after: [[46, 57], [82, 86], [90, 99], [78, 81], [46, 56]]
[82, 86] + [56, 93] : [82, 86] && [82, 82] + [86, 86] -> [60, 97]
before: [[82, 86], [90, 99], [78, 81], [46, 56]]
after: [[82, 86], [90, 99], [78, 81], [46, 56]]
[90, 99] + [56, 93] : [90, 93] && [90, 90] + [93, 99] -> [60, 97]
before: [[90, 99], [78, 81], [46, 56]]
after: [[90, 99], [78, 81], [46, 56], [93, 99]]
[78, 81] + [56, 93] : [78, 81] && [78, 78] + [81, 81] -> [60, 97]
before: [[78, 81], [46, 56], [93, 99]]
after: [[78, 81], [46, 56], [93, 99]]
[93, 99] + [93, 97] : [93, 97] && [93, 93] + [97, 99] -> [56, 60]
before: [[93, 99]]
after: [[93, 99], [97, 99]]
Solution for part 2: 46
